,value__sum_values,"value__cwt_coefficients__coeff_0__w_20__widths_(2, 5, 10, 20)","value__cwt_coefficients__coeff_0__w_10__widths_(2, 5, 10, 20)","value__cwt_coefficients__coeff_0__w_5__widths_(2, 5, 10, 20)","value__cwt_coefficients__coeff_0__w_2__widths_(2, 5, 10, 20)",value__quantile__q_0.9,value__quantile__q_0.8,value__quantile__q_0.7,value__quantile__q_0.6,"value__fft_coefficient__attr_""real""__coeff_0",value__quantile__q_0.4,value__quantile__q_0.2,value__quantile__q_0.1,value__minimum,value__maximum,value__mean,value__median,value__abs_energy,value__quantile__q_0.3,"value__fft_coefficient__attr_""abs""__coeff_0",value__benford_correlation
1-01,266.0,51.58798191666029,72.95642368199896,103.17596383332058,163.13552274822518,266.0,266.0,266.0,266.0,266.0,266.0,266.0,266.0,266.0,266.0,266.0,266.0,70756.0,266.0,266.0,0.2956569776377357
1-02,145.9,28.29581414150653,40.01632411730695,56.59162828301306,89.47922093596262,145.9,145.9,145.9,145.9,145.9,145.9,145.9,145.9,145.9,145.9,145.9,145.9,21286.81,145.9,145.9,0.8641230464899808
1-03,183.1,35.5103740185733,50.21925254200755,71.0207480371466,112.29366246315801,183.1,183.1,183.1,183.1,183.1,183.1,183.1,183.1,183.1,183.1,183.1,183.1,33525.61,183.1,183.1,0.8641230464899808
1-04,119.3,23.1370159498405,32.72068174910705,46.274031899681,73.16566866114009,119.3,119.3,119.3,119.3,119.3,119.3,119.3,119.3,119.3,119.3,119.3,119.3,14232.49,119.3,119.3,0.8641230464899808
1-05,180.3,34.96734262997688,49.4512901874602,69.93468525995377,110.57644643422934,180.3,180.3,180.3,180.3,180.3,180.3,180.3,180.3,180.3,180.3,180.3,180.3,32508.090000000004,180.3,180.3,0.8641230464899808
1-06,168.5,32.678853206606234,46.214877407582044,65.35770641321247,103.33960745517273,168.5,168.5,168.5,168.5,168.5,168.5,168.5,168.5,168.5,168.5,168.5,168.5,28392.25,168.5,168.5,0.8641230464899808
1-07,231.8,44.95524138451826,63.57631206574195,89.91048276903652,142.1609555377391,231.8,231.8,231.8,231.8,231.8,231.8,231.8,231.8,231.8,231.8,231.8,231.8,53731.240000000005,231.8,231.8,0.2956569776377357
1-08,224.5,43.53948097853472,61.574124498529194,87.07896195706944,137.68392803374644,224.5,224.5,224.5,224.5,224.5,224.5,224.5,224.5,224.5,224.5,224.5,224.5,50400.25,224.5,224.5,0.2956569776377357
1-09,192.8,37.39158990049663,52.87969355597519,74.78317980099327,118.24258942051812,192.8,192.8,192.8,192.8,192.8,192.8,192.8,192.8,192.8,192.8,192.8,192.8,37171.840000000004,192.8,192.8,0.8641230464899808
1-10,122.9,23.83519916375019,33.70806191923937,47.67039832750038,75.37351784119127,122.9,122.9,122.9,122.9,122.9,122.9,122.9,122.9,122.9,122.9,122.9,122.9,15104.410000000002,122.9,122.9,0.8641230464899808
1-11,336.5,65.26073652239168,92.2926186804235,130.52147304478336,206.3725691908939,336.5,336.5,336.5,336.5,336.5,336.5,336.5,336.5,336.5,336.5,336.5,336.5,113232.25,336.5,336.5,0.06291512241389036
1-12,185.9,36.053405407169734,50.98721489655491,72.10681081433947,114.0108784920867,185.9,185.9,185.9,185.9,185.9,185.9,185.9,185.9,185.9,185.9,185.9,185.9,34558.810000000005,185.9,185.9,0.8641230464899808
2-01,194.3,37.682499572959,53.29110196019699,75.364999145918,119.16252657887277,194.3,194.3,194.3,194.3,194.3,194.3,194.3,194.3,194.3,194.3,194.3,194.3,37752.490000000005,194.3,194.3,0.8641230464899808
2-02,149.5,28.993997355416216,41.00370428743926,57.98799471083243,91.68707011601379,149.5,149.5,149.5,149.5,149.5,149.5,149.5,149.5,149.5,149.5,149.5,149.5,22350.25,149.5,149.5,0.8641230464899808
2-03,210.1,40.746748122895966,57.624603817999926,81.49349624579193,128.85253131354176,210.1,210.1,210.1,210.1,210.1,210.1,210.1,210.1,210.1,210.1,210.1,210.1,44142.009999999995,210.1,210.1,0.2956569776377357
2-04,273.3,53.00374232264383,74.95861124921171,106.00748464528766,167.61255025221786,273.3,273.3,273.3,273.3,273.3,273.3,273.3,273.3,273.3,273.3,273.3,273.3,74692.89,273.3,273.3,0.2956569776377357
2-05,191.4,37.120074206198424,52.495712378701505,74.24014841239685,117.38398140605376,191.4,191.4,191.4,191.4,191.4,191.4,191.4,191.4,191.4,191.4,191.4,191.4,36633.96,191.4,191.4,0.8641230464899808
2-06,287.0,55.660717331133476,78.71614134110413,111.32143466226695,176.01464296519035,287.0,287.0,287.0,287.0,287.0,287.0,287.0,287.0,287.0,287.0,287.0,287.0,82369.0,287.0,287.0,0.2956569776377357
2-07,226.0,43.83039065099709,61.985532902751,87.66078130199418,138.6038651921011,226.0,226.0,226.0,226.0,226.0,226.0,226.0,226.0,226.0,226.0,226.0,226.0,51076.0,226.0,226.0,0.2956569776377357
2-08,303.6,58.88011770638371,83.26906101449205,117.76023541276741,186.19528085098185,303.6,303.6,303.6,303.6,303.6,303.6,303.6,303.6,303.6,303.6,303.6,303.6,92172.96000000002,303.6,303.6,0.06291512241389036
2-09,289.9,56.22314269789405,79.5115309225996,112.4462853957881,177.79318813800933,289.9,289.9,289.9,289.9,289.9,289.9,289.9,289.9,289.9,289.9,289.9,289.9,84042.00999999998,289.9,289.9,0.2956569776377357
2-10,421.6,81.76501194009015,115.63318881327355,163.5300238801803,258.5636706415479,421.6,421.6,421.6,421.6,421.6,421.6,421.6,421.6,421.6,421.6,421.6,421.6,177746.56000000003,421.6,421.6,-0.06461440727816903
2-11,264.5,51.29707224419792,72.54501527777715,102.59414448839584,162.21558558987053,264.5,264.5,264.5,264.5,264.5,264.5,264.5,264.5,264.5,264.5,264.5,264.5,69960.25,264.5,264.5,0.2956569776377357
2-12,342.3,66.38558725591285,93.88339784341446,132.7711745118257,209.9296595365319,342.3,342.3,342.3,342.3,342.3,342.3,342.3,342.3,342.3,342.3,342.3,342.3,117169.29000000001,342.3,342.3,0.06291512241389036
3-01,339.7,65.88134382364474,93.17028994276333,131.76268764728948,208.33510179538382,339.7,339.7,339.7,339.7,339.7,339.7,339.7,339.7,339.7,339.7,339.7,339.7,115396.09,339.7,339.7,0.06291512241389036
3-02,440.4,85.41107983495185,120.78950747952007,170.8221596699037,270.0935496929262,440.4,440.4,440.4,440.4,440.4,440.4,440.4,440.4,440.4,440.4,440.4,440.4,193952.15999999997,440.4,440.4,-0.06461440727816903
3-03,315.9,61.26557702057513,86.64260992911079,122.53115404115026,193.73876554948998,315.9,315.9,315.9,315.9,315.9,315.9,315.9,315.9,315.9,315.9,315.9,315.9,99792.80999999998,315.9,315.9,0.06291512241389036
3-04,439.3,85.19774607514611,120.48780798309076,170.39549215029223,269.4189291101328,439.3,439.3,439.3,439.3,439.3,439.3,439.3,439.3,439.3,439.3,439.3,439.3,192984.49000000002,439.3,439.3,-0.06461440727816903
3-05,401.3,77.82803437276607,110.0654617428052,155.65606874553214,246.11385443181493,401.3,401.3,401.3,401.3,401.3,401.3,401.3,401.3,401.3,401.3,401.3,401.3,161041.69,401.3,401.3,-0.06461440727816903
3-06,437.4,84.82926049002711,119.96669067107648,169.65852098005422,268.2536753762169,437.4,437.4,437.4,437.4,437.4,437.4,437.4,437.4,437.4,437.4,437.4,437.4,191318.75999999998,437.4,437.4,-0.06461440727816903
3-07,575.5,111.61234433472931,157.84369108643008,223.22468866945863,352.9492230887353,575.5,575.5,575.5,575.5,575.5,575.5,575.5,575.5,575.5,575.5,575.5,575.5,331200.25,575.5,575.5,-0.14527956152245
3-08,407.6,79.04985499710803,111.79337704053675,158.09970999421606,249.97759049690447,407.6,407.6,407.6,407.6,407.6,407.6,407.6,407.6,407.6,407.6,407.6,407.6,166137.76,407.6,407.6,-0.06461440727816903
3-09,682.0,132.2669310795576,187.0536877861778,264.5338621591152,418.26476133191574,682.0,682.0,682.0,682.0,682.0,682.0,682.0,682.0,682.0,682.0,682.0,682.0,465124.0,682.0,682.0,-0.20094583070946118
3-10,475.3,92.179578214243,130.36160968441393,184.359156428486,291.4974209106445,475.3,475.3,475.3,475.3,475.3,475.3,475.3,475.3,475.3,475.3,475.3,475.3,225910.09,475.3,475.3,-0.06461440727816903
3-11,581.3,112.73719506825047,159.43447024942103,225.47439013650094,356.5063134343733,581.3,581.3,581.3,581.3,581.3,581.3,581.3,581.3,581.3,581.3,581.3,581.3,337909.68999999994,581.3,581.3,-0.14527956152245
